[ 6.32120559e-01  3.67879441e-01  2.64241118e-01  2.07276647e-01
  1.70893412e-01  1.45532941e-01  1.26802357e-01  1.12383504e-01
  1.00931967e-01  9.16122930e-02  8.38770701e-02  7.73522294e-02
  7.17732477e-02  6.69477800e-02  6.27310804e-02  5.90337936e-02
  5.54593017e-02  5.71918706e-02 -2.94536708e-02  1.55961974e+00
 -3.01923949e+01  6.35040293e+02 -1.39698864e+04  3.21308388e+05
 -7.71140031e+06  1.92785009e+08 -5.01241023e+09  1.35335076e+11
 -3.78938213e+12  1.09892082e+14 -3.29676246e+15]

[0.63212056 0.36787944 0.26424112 0.20727665 0.17089341 0.14553294
 0.12680236 0.11238351 0.10093197 0.0916123  0.08387707 0.07735223
 0.07177326 0.06694771 0.06273217 0.05901755 0.05571935 0.05277113
 0.05011986 0.04772276 0.04554489 0.04355744 0.04173645 0.04006182
 0.03851656 0.03708622 0.03575843 0.03452254 0.0333693  0.03229069
 0.03127969]

[1.00677105e-09 3.02031314e-09 7.04739733e-09 1.30880236e-08
 2.11421920e-08 3.12099025e-08 4.32911550e-08 5.73859497e-08
 7.34942865e-08 9.16161653e-08 1.11751586e-07 1.33900549e-07
 1.58063054e-07 1.84239102e-07 2.12428691e-07 2.42631822e-07
 2.74848496e-07 3.09078712e-07 3.45322469e-07 3.83579769e-07
 4.23850611e-07 4.66134995e-07 5.10432921e-07 5.56744389e-07
 6.05069400e-07 6.55407952e-07 7.07760046e-07 7.62125683e-07
 8.18504862e-07 8.76897582e-07 9.37303845e-07]
True



[ 6.32120559e-01  3.67879441e-01  2.64241118e-01  2.07276647e-01
  1.70893412e-01  1.45532941e-01  1.26802357e-01  1.12383504e-01
  1.00931967e-01  9.16122930e-02  8.38770701e-02  7.73522294e-02
  7.17732477e-02  6.69477800e-02  6.27310804e-02  5.90337936e-02
  5.54593017e-02  5.71918706e-02 -2.94536708e-02  1.55961974e+00
 -3.01923949e+01  6.35040293e+02 -1.39698864e+04  3.21308388e+05
 -7.71140031e+06  1.92785009e+08 -5.01241023e+09  1.35335076e+11
 -3.78938213e+12  1.09892082e+14 -3.29676246e+15]

[0.63212056 0.36787944 0.26424112 0.20727665 0.17089341 0.14553294
 0.12680236 0.11238351 0.10093197 0.0916123  0.08387707 0.07735223
 0.07177326 0.06694771 0.06273217 0.05901755 0.05571935 0.05277113
 0.05011986 0.04772276 0.04554489 0.04355744 0.04173645 0.04006182
 0.03851656 0.03708622 0.03575843 0.03452254 0.0333693  0.03229069
 0.03127969]
